Valores Emma:


G =
 
       -115000 s
  -------------------
  7.44e06 s^2 + 59008
 
Continuous-time transfer function.


polos =

   0.0000 + 0.0891i
   0.0000 - 0.0891i


modulo =

    0.0891


omegaPos =

    0.8905


mEq =

  -64.6998


Ba_b =

  Columns 1 through 14

  -22.3154  -31.5587  -38.6513  -44.6307  -49.8986  -54.6612  -59.0409  -63.1173  -66.9461  -70.5673  -74.0116  -77.3026  -80.4591  -83.4964

  Columns 15 through 28

  -86.4270  -89.2614  -92.0085  -94.6760  -97.2704  -99.7973 -102.2618 -104.6683 -107.0207 -109.3224 -111.5768 -113.7864 -115.9540 -118.0817

  Columns 29 through 42

 -120.1718 -122.2262 -124.2466 -126.2347 -128.1919 -130.1197 -132.0194 -133.8921 -135.7390 -137.5611 -139.3593 -141.1347 -142.8880 -144.6200

  Columns 43 through 56

 -146.3315 -148.0233 -149.6959 -151.3501 -152.9863 -154.6053 -156.2075 -157.7934 -159.3635 -160.9183 -162.4582 -163.9837 -165.4951 -166.9928

  Columns 57 through 60

 -168.4772 -169.9486 -171.4075 -172.8540


Ksa_b =

  Columns 1 through 14

 -153.9339 -153.9339 -153.9339 -153.9339 -153.9339 -153.9339 -153.9339 -153.9339 -153.9339 -153.9339 -153.9339 -153.9339 -153.9339 -153.9339

  Columns 15 through 28

 -153.9339 -153.9339 -153.9339 -153.9339 -153.9339 -153.9339 -153.9339 -153.9339 -153.9339 -153.9339 -153.9339 -153.9339 -153.9339 -153.9339

  Columns 29 through 42

 -153.9339 -153.9339 -153.9339 -153.9339 -153.9339 -153.9339 -153.9339 -153.9339 -153.9339 -153.9339 -153.9339 -153.9339 -153.9339 -153.9339

  Columns 43 through 56

 -153.9339 -153.9339 -153.9339 -153.9339 -153.9339 -153.9339 -153.9339 -153.9339 -153.9339 -153.9339 -153.9339 -153.9339 -153.9339 -153.9339

  Columns 57 through 60

 -153.9339 -153.9339 -153.9339 -153.9339


ans =

    60